<!DOCTYPE MeshLabDocument>
<MeshLabProject>
 <MeshGroup>
  <MLMesh label="cube.ply" filename="cube.ply">
   <MLMatrix44>
0.682734 0.556136 0.473905 0 
-0.0465192 0.680362 -0.731399 0 
-0.729184 0.477305 0.490377 0 
0 0 0 1 
</MLMatrix44>
  </MLMesh>
 </MeshGroup>
 <RasterGroup/>
</MeshLabProject>
